TOTPOP	LIFEXPB.M	LIFEXPB.F	LIFEXPB.B	HLIFEXP	MATMORT	MEDBIRTHS	MORTLT5YO	NEONMORT	NEWHIV	TBINC	MALARIA	HEPBVACC	INTINTDS	PRMORT3070	SUICIDE	ALCONS	MORTRAFF	MODFAMPLAN	ADOBIRTHS	MORTAIR	MORTWASH	MORTPOIS	SMOK.M	SMOK.F	DRDENS	AVEI13HRCCS	STUNT5YO	WAST5YO	OW5YO	BETTERH2O	BETTERSAN	CLEANFUEL	AVEPM2.5	DEATHND	HOMICIDE	DEATHCONF
Afghanistan	32527	59.3	61.9	60.5	52.2	396	45	91.1	35.5	0.1	189	15.7	75	13406517	30.5	4	1	15.5	54.7065573770492	51.9	112.6	34.6	7.4	34.09765625	11.64921875	7.7	45	40.9	9.5	5.4	55	32	17	64.1	0.8	7.3	40.9
Albania	2897	75.1	80.7	77.8	68.8	29	99	14	6.2	1.56330275229358	19	96.9644230769231	98	42	18.8	6.5	6.6	15.1	12.9	19.7	171.4	0.2	1.4	51.2	7.6	49.9	73.1822916666667	23.1	9.4	23.4	95	93	67	17.1	0	5	0.1
Algeria	39667	73.8	77.5	75.6	66	140	97	25.5	15.5	0.1	78	0.1	95	9817345.07954546	22.1	1.8	0.6	23.8	77.2	12.4	31.5	2.4	1.1	34.09765625	11.64921875	31.5	73	11.7	4.1	12.4	84	88	95	26	0.1	4.4	1
Andorra	70	68.8765027322404	73.7349726775956	71.2879781420765	62.8043715846995	170.237569060773	84.2762430939227	2.8	1.4	1.56330275229358	9.2	96.9644230769231	96	0	19.0162790697674	9.38771929824561	9.1	7.6	54.7065573770492	4.4	63.925	13.2813953488372	2.26162790697674	37.2	27.8	87.6	29	23.1518796992481	6.13282442748092	7.05748031496063	100	100	95	10.5	0.224590163934426	0.8	3.5093023255814
Angola	25022	50.9	54	52.4	45.8	477	47	156.9	48.7	2.1	370	145.7	80	17668111	24.2	10.6	7.6	26.9	54.7065573770492	190.9	104.4	111.2	5.5	34.09765625	11.64921875	18.3	18	29.2	8.2	7.05748031496063	49	52	48	42.8	0.1	10.7	0
AntiguaandBarbuda	92	74.1	78.6	76.4	67.5	170.237569060773	100	8.1	4.9	1.56330275229358	7.6	96.9644230769231	99	1395	19.0162790697674	9.38771929824561	3.2	6.7	54.7065573770492	55.5403225806452	63.925	13.2813953488372	2.26162790697674	34.09765625	11.64921875	57.1443113772455	88	23.1518796992481	6.13282442748092	7.05748031496063	98	73.0714285714286	95	15	0	4.4	3.5093023255814
Argentina	43417	72.7	79.9	76.3	67.6	52	100	12.5	6.3	0.3	24	0	94	3948	17.5	10.8	7.6	13.6	54.7065573770492	68.1	26.2	0.7	0.9	29.5	18.4	43.4	83	8.2	1.2	9.9	99	96	95	14.5	0.1	6	0
Armenia	3018	71.6	77.7	74.8	66.8	25	100	14.1	7.4	0.2	45	0	93	38929	29.7	3.3	5.5	18.3	39.2	22.7	125.4	1.1	0.4	52.3	1.5	75.3	96	20.8	4.2	16.8	100	90	95	25.1	0	2.1	0
Australia	23969	80.9	84.8	82.8	71.9	6	99	3.8	2.2	1.56330275229358	6.4	96.9644230769231	91	18843	9.4	11.6	12.6	5.4	54.7065573770492	14.2	0.4	0.1	1.3	16.7	13.1	139.2	100	2	0	7.7	100	100	95	5.8	0.1	1.1	0.1
Austria	8545	79	83.9	81.5	72	4	99	3.5	2.1	1.56330275229358	7.8	96.9644230769231	83	14	12	15.6	8.5	5.4	54.7065573770492	7.9	34.2	0.1	0.4	34.09765625	11.64921875	57.1443113772455	87	23.1518796992481	6.13282442748092	7.05748031496063	100	100	95	17.2	0.1	0.9	0.1
Azerbaijan	9754	69.6	75.8	72.7	64.7	25	97	31.7	18.2	0.2	77	0	94	1678393	23.3	1.7	2.1	10	21.5	47.2	68	2.1	0.9	46.5	0.4	99.4	84	18	3.1	13	87	89	95	26.4	0	2.4	0.3
Bahamas	388	72.9	79.1	76.1	66.6	80	98	12.1	6.9	1.56330275229358	12	96.9644230769231	96	146	13.8	2.3	4.2	13.8	54.7065573770492	34.6	20.3	0.1	0.9	34.09765625	11.64921875	69.6	61	23.1518796992481	6.13282442748092	7.05748031496063	98	92	95	22	0	32.1	0
Bahrain	1377	76.2	77.9	76.9	67	15	100	6.2	1.1	1.56330275229358	14	96.9644230769231	99	8	13.3	7.2	2.4	8	54.7065573770492	13.8	11.1	0.1	0.4	48.8	7.6	32.9	96	23.1518796992481	6.13282442748092	7.05748031496063	100	99	95	60.1	0	0.8	2
Bangladesh	160996	70.6	73.1	71.8	62.3	176	42	37.6	23.3	0.1	227	68.7	95	49873889	17.5	6.6	0.2	13.6	72.5	113	68.2	6	5.7	39.8	0.7	5.7	88	36.1	14.3	1.4	87	61	10	89.7	0.1	3.1	0.1
Barbados	284	73.1	77.9	75.5	66.6	27	99	13	8	1.56330275229358	0.9	96.9644230769231	94	2689	13.8	2.6	6.5	6.7	70	49.7	18.1	0.2	0.8	13.1	0.9	66.7	90	7.7	6.8	12.2	100	96	95	16.2	0	9.8	0
Belarus	9496	66.5	78	72.3	65.1	4	100	4.6	1.9	0.6	58	96.9644230769231	97	9817345.07954546	26.2	21.8	17.1	13.7	74.2	21.6	103.8	0.2	4.4	46.2	10.6	145.6	90	4.5	2.2	9.7	100	94	95	18.1	0	6.2	0.1
Belgium	11299	78.6	83.5	81.1	71.1	7	84.2762430939227	4.1	2.2	1.56330275229358	9	96.9644230769231	98	15	12.2	17.8	10.8	6.7	54.7065573770492	7.2	30.2	0.5	1.1	26.5	20	216.5	82	23.1518796992481	6.13282442748092	7.05748031496063	100	100	95	16	0.1	1.1	0.1
Belize	359	67.5	73.1	70.1	62.3	28	95	16.5	8.3	0.5	37	0.2	95	12254	14.4	2.2	8.3	24.4	73.1	64	18.6	1.2	0.5	34.09765625	11.64921875	27.9	55	19.3	3.3	7.9	100	91	87	20.7	0	44.7	0
Benin	10880	58.8	61.1	60	52.5	405	77	99.5	31.8	0.6	61	303	70	4358651	22.1	3.7	2.2	27.7	24.5	94	92	32.2	2.2	17.7	1	8.3	44	34	4.5	1.7	78	20	7	27.9	0.1	6.3	0
Bhutan	775	69.5	70.1	69.8	61.2	148	75	32.9	18.3	1.56330275229358	164	0.1	99	107867	20.5	16	1.1	15.1	84.6	28.4	59.9	7.1	8.1	34.09765625	11.64921875	12.4	68	33.6	5.9	7.6	100	50	68	39	0	1.9	0
Bolivia(PlurinationalStateof)	10725	68.2	73.3	70.7	62.2	206	85	38.4	19.6	0.2	120	5.1	94	2129328	18.3	11.7	5.8	23.2	42.8	115.6	52	7	1.7	30.5	17.1	14.8	71	18.1	1.6	8.7	90	50	79	31.9	0.5	13.9	0
BosniaandHerzegovina	3810	75	79.7	77.4	68.6	11	100	5.4	4	1.56330275229358	42	96.9644230769231	89	9817345.07954546	17.5	13.9	7.5	17.7	21.9	11	223.6	0.1	7.5	47.2	30	75.3	55	8.9	2.3	17.4	100	95	40	56	0.1	3.4	0.1
Botswana	2262	63.3	68.1	65.7	56.9	129	100	43.6	21.9	14	385	1.1	95	252373	20.9	3.2	7.7	23.6	54.7065573770492	39	38.1	9.2	2.7	34.09765625	11.64921875	37.5	62	31.4	7.2	11.2	96	63	63	19.3	0.1	12.4	0
Brazil	207848	71.4	78.7	75	65.5	44	99	16.4	8.9	1.56330275229358	44	9.9	96	18680873	19.4	6	9.1	23.4	89.3	64.8	21.3	1.1	0.1	19.3	11.3	94.9	99	7.1	1.6	7.3	98	83	93	11.9	0.1	32.4	0.2
BruneiDarussalam	423	76.3	79.2	77.7	70.4	23	100	10.2	4.3	1.56330275229358	62	96.9644230769231	99	9339	16.8	6.2	0.8	8.1	54.7065573770492	16.6	0.2	0.1	1.2	29.3	3.1	94.9	92	19.7	2.9	8.3	89.2513661202186	73.0714285714286	95	5.4	0	2.1	0
Bulgaria	7150	71.1	78	74.5	66.4	11	94	10.4	5.6	1.56330275229358	27	96.9644230769231	95	379	24	14.5	11.3	8.3	54.7065573770492	40.8	174.8	0.1	1.2	42.4	28.2	86.4	69	23.1518796992481	6.13282442748092	7.05748031496063	99	86	79	30.5	0.1	1.9	0.1
BurkinaFaso	18106	59.1	60.5	59.9	52.6	371	66	88.6	26.7	0.5	54	418.4	91	14961395	23.8	2.9	7.4	30	37.1	130	96.4	40.9	2.7	36	4.5	6.1	50	32.9	10.9	2.8	82	20	7	36.9	0.1	9.8	0.1
Burundi	11179	57.7	61.6	59.6	52.2	712	60	81.7	28.6	0.1	126	269.4	95	5332985	24.3	16.4	9.8	31.3	32.6	85	106	68.4	7	34.09765625	11.64921875	57.1443113772455	56	57.5	6.1	2.9	76	48	5	49.4	0.2	6.7	0.1
CaboVerde	521	71.3	75	73.3	64.4	42	92	24.5	12.2	0.9	138	0.7	95	135100	15.1	3.9	7.2	26.1	73.2	55.5403225806452	58.2	4.5	0.3	22.2	3.5	8.6	58	23.1518796992481	6.13282442748092	7.05748031496063	92	72	71	28.9183333333333	0	8.8	0
Cambodia	15578	66.6	70.7	68.7	58.9	161	89	28.7	14.8	0.1	390	10.6	97	5566529	17.7	9	6.1	17.4	56.4	57	71.4	5.6	1	44.1	2.8	9.6	52	32.4	9.6	2	76	42	13	25	0.7	2.4	0.1
Cameroon	23344	55.9	58.6	57.3	50.3	596	65	87.9	25.7	3.8	220	271.8	87	19449659	19.9	4.9	7.7	27.6	40.2	119	89.6	40.9	2.7	43.8	0.9	5.2	91	31.7	5.2	6.7	76	46	18	64	0.1	11.7	1.2
Canada	35940	80.2	84.1	82.2	72.3	7	98	4.9	3.2	1.56330275229358	5.2	96.9644230769231	75	0	10.7	11.4	10.3	6	54.7065573770492	12.6	5.4	0.6	2	17.7	12.2	113.6	99	23.1518796992481	6.13282442748092	7.05748031496063	100	100	95	7.3	0.1	1.8	0.1
CentralAfricanRepublic	4900	50.9	54.1	52.5	45.9	882	40	130.1	42.6	2.7	375	325	47	4050725	18.5	7.9	3.8	32.4	28.7	229	95.9	102.3	4.7	34.09765625	11.64921875	3.1	24	40.7	7.4	1.8	69	22	5	56.2	0	13.5	25.6
Chad	14037	51.7	54.5	53.1	46.1	856	24	138.7	39.3	1.5	159	157.9	46	10477490	23.2	2.7	4.4	24.1	17.5	203.4	121.8	92.8	4.6	34.09765625	11.64921875	2.3	43	39.9	13	2.5	51	12	5	61.8	0.1	9.4	0.1
Chile	17948	77.4	83.4	80.5	70.4	22	100	8.1	4.9	0.2	16	96.9644230769231	92	30	11.9	13	9.3	12.4	54.7065573770492	51.5	22.4	0.2	0.6	40	36	11.7	79	1.8	0.3	9.3	99	99	95	25.5	0.1	4.6	0.1
China	1383925	74.6	77.6	76.1	68.5	27	100	10.7	5.5	1.56330275229358	68	0.1	99	26227888	19.4	8.7	7.6	18.8	54.7065573770492	6.2	163.1	0.4	2.9	47.6	1.8	31.5	99	9.4	2.3	6.6	96	77	57	61.8	0.1	1.1	0.1
Colombia	48229	71.2	78.4	74.8	65.1	64	99	15.9	8.5	0.2	33	8.9	90	4524693	12.4	5.5	6.6	16.8	83.7	84	23.6	0.8	0.3	16	6.2	20.9	86	12.7	0.9	4.8	91	81	91	18.4	0.2	43.9	0.8
Comoros	788	61.9	65.2	63.5	55.9	335	82	73.5	34	1.56330275229358	35	170.6	80	523106	23.5	10.5	0.2	28	27.8	70	63.4	28.6	3.5	23.1	6	57.1443113772455	29	32.1	11.1	10.9	90	36	7	7	0.1	8	0
Congo	4620	63.2	66.3	64.7	56.6	442	94	45	18	1.4	381	187.5	90	3568201	19.8	7.8	3.9	26.4	38.5	147	90.2	48.1	2.8	43.2	1.7	9.2	28	21.2	8.2	5.9	77	15	18	57.6	0.1	10.4	0
CookIslands	21	68.8765027322404	73.7349726775956	71.2879781420765	62.8043715846995	170.237569060773	100	8.1	4.4	1.56330275229358	12	96.9644230769231	99	22	19.0162790697674	9.38771929824561	4.8	24.2	54.7065573770492	56	63.925	13.2813953488372	2.26162790697674	34.09765625	11.64921875	77.8	63	23.1518796992481	6.13282442748092	7.05748031496063	100	98	80	0	0.224590163934426	3.1	3.5093023255814
CostaRica	4808	77.1	82.2	79.6	69.7	25	99	9.7	6.2	0.2	11	0.1	91	41518	12.2	6.9	5.1	13.9	89.1	61.2	18.8	0.7	0.3	18.5	8.3	18.8	85	5.6	1	8.1	98	95	95	19.2	0.1	8.5	0
Côted'Ivoire	22702	52.3	54.4	53.3	47	645	56	92.6	37.9	2.1	165	385.2	67	18131745	23.3	5.4	6.5	24.2	30.9	125	89.8	44.1	3.2	34.09765625	11.64921875	6.3	87	29.6	7.6	3.2	82	23	18	19.3	0.1	12.2	0.5
Croatia	4240	74.7	81.2	78	69.4	8	100	4.3	2.6	1.56330275229358	12	96.9644230769231	95	31	17.7	16.5	11.7	9.2	54.7065573770492	11.8	89.5	0.1	0.9	39.4	33.5	57.1443113772455	71	23.1518796992481	6.13282442748092	7.05748031496063	100	97	94	20.5	0.1	1.3	0
Cuba	11390	76.9	81.4	79.1	69.2	39	99	5.5	2.3	0.3	9.4	96.9644230769231	96	52997	16.5	14.6	5.5	7.5	88.4	52.5	50.5	0.7	1.3	52.7	17.8	157.8	100	23.1518796992481	6.13282442748092	7.05748031496063	95	93	87	16.5	0.1	5	0
Cyprus	1165	78.3	82.7	80.5	71.3	7	100	2.7	1.5	1.56330275229358	5.3	96.9644230769231	96	6	9.5	5.1	9.1	5.2	54.7065573770492	4.2	19.8	0.3	0.5	34.09765625	11.64921875	67.9	62	23.1518796992481	6.13282442748092	7.05748031496063	100	100	95	17.2	0	2	0
CzechRepublic	10543	75.9	81.7	78.8	69.4	4	100	3.4	1.8	1.56330275229358	4.6	96.9644230769231	99	6	17	15.6	14.1	6.1	85.7	11.1	59.5	0.5	1.1	37.4	29	57.1443113772455	91	23.1518796992481	6.13282442748092	7.05748031496063	100	99	95	20.9	0.1	0.9	0.1
DemocraticPeople'sRepublicofKorea	25155	67	74	70.6	64	82	100	24.9	13.5	1.56330275229358	442	2.1	93	5643102	27.1	9.38771929824561	4.4	20.8	76.7	0.7	234.1	1.4	3.3	34.09765625	11.64921875	57.1443113772455	73	27.9	4	0	100	82	7	31.6	0.2	4.7	0
DemocraticRepublicoftheCongo	77267	58.3	61.5	59.8	51.7	693	80	98.3	30.1	0.6	325	295.2	80	57568918	23.6	8	3.4	33.2	15.6	138	116.4	107.8	6.2	34.09765625	11.64921875	57.1443113772455	75	42.6	8.1	4.4	52	29	6	63.2	0.1	13.3	1.8
Denmark	5669	78.6	82.5	80.6	71.2	6	98	3.5	2.5	0.1	7.1	96.9644230769231	87.7228260869565	0	13.3	11.2	10.2	3.5	54.7065573770492	2.4	20.3	0.8	1.1	17.6	16.4	202.7	91	23.1518796992481	6.13282442748092	7.05748031496063	100	100	95	10.5	0.1	0.9	0.1
Djibouti	888	61.8	65.3	63.5	55.8	229	87	65.3	33.4	1.1	619	25	78	107995	18.8	10.7	0.9	24.7	54.7065573770492	20.6	40.5	26.4	3.7	34.09765625	11.64921875	10.3	46	33.5	21.5	8.1	90	47	10	46	0	7	0.1
Dominica	73	68.8765027322404	73.7349726775956	71.2879781420765	62.8043715846995	170.237569060773	100	21.2	15.6	1.56330275229358	0.7	96.9644230769231	97	8063	19.0162790697674	9.38771929824561	6.6	15.3	54.7065573770492	47.2	63.925	13.2813953488372	2.26162790697674	34.09765625	11.64921875	57.1443113772455	66	23.1518796992481	6.13282442748092	7.05748031496063	89.2513661202186	73.0714285714286	92	16.3	0.224590163934426	6.8	3.5093023255814
DominicanRepublic	10528	70.9	77.1	73.9	65.1	92	98	30.9	21.7	0.4	60	0.2	89	1192636	14.8	3.6	7.6	29.3	84.1	90	29.4	1.9	0.5	18.8	9.4	28.2	71	7.1	2.4	7.6	85	84	92	17	0.1	25.4	0
Ecuador	16144	73.5	79	76.2	67	64	96	21.6	10.8	0.2	54	0.1	83	1806145	11.9	8.9	6.1	20.1	80.7	55.5403225806452	15	1.8	0.7	14	3.3	38.8	90	25.2	2.3	7.5	87	85	95	13.5	0.1	13.8	0.1
Egypt	91508	68.8	73.2	70.9	62.2	33	92	24	12.8	0.1	15	96.9644230769231	94	1117250	24.5	1.6	0.3	12.8	80	56	52.1	1.6	2.1	49.9	0.3	63.5	93	22.3	9.5	15.7	99	95	95	101.8	0	5.1	0.4
ElSalvador	6127	68.8	77.9	73.5	64.1	54	98	16.8	8.3	0.2	41	0.1	93	874565	16.9	12.8	3.5	21.1	81.9	72	44.6	2.4	0.5	34.09765625	11.64921875	20	93	14	2	6	94	75	83	37.1	0.1	43.9	0
EquatorialGuinea	845	56.6	60	58.2	51.2	342	68	94.1	33.1	2.9	162	211.1	24	465062	23.4	13.9	8.1	22.9	20.5	176	98.3	57.3	5	34.09765625	11.64921875	57.1443113772455	27	26.2	3.1	9.7	48	75	22	32	0	3.5	0
Eritrea	5228	62.4	67	64.7	55.9	501	34	46.5	18.4	0.2	78	17.4	94	976756	24.2	8.3	1.4	24.1	19.6	76	75.8	34.9	4.7	34.09765625	11.64921875	57.1443113772455	73	50.3	15.3	1.9	58	16	14	35.7	0	7.7	0.1
Estonia	1313	72.7	82	77.6	68.9	9	99	2.9	1.5	1.56330275229358	20	96.9644230769231	93	1	18.8	18.7	6.08548387096774	7	54.7065573770492	15.6	54.2	0.1	0.8	41.2	24.9	96.2	72	23.1518796992481	6.13282442748092	7.05748031496063	100	97	92	8.5	0	5.4	0.1
Ethiopia	99391	62.8	66.8	64.8	56.1	353	16	59.2	27.7	1.56330275229358	207	117.8	77	67843988	15.2	7.5	4.3	25.3	57.6	71.2	56.8	29.6	3.5	8.9	0.5	2.8	78	40.4	8.7	2.6	57	28	5	36.7	0	8	0.2
Fiji	892	67	73.1	69.9	62.9	30	99	22.4	9.6	0.2	67	96.9644230769231	99	899436	30.8	5.9	3.2	5.8	54.7065573770492	27.5	76.9	3	4.7	38.7	12.4	26.7	98	23.1518796992481	6.13282442748092	7.05748031496063	96	91	37	11.4	0.4	2.3	0
Finland	5503	78.3	83.8	81.1	71	3	100	2.3	1.3	1.56330275229358	5.6	96.9644230769231	87.7228260869565	0	11.2	16.7	11.9	4.8	54.7065573770492	7.3	6	0.2	1.5	23.2	18.5	137.7	96	23.1518796992481	6.13282442748092	7.05748031496063	100	98	95	7.1	0	1.4	0.1
France	64395	79.4	85.4	82.4	72.6	8	98	4.3	2.2	1.56330275229358	8.7	96.9644230769231	82	178	11.4	15.8	11.6	5.1	95.5	6.2	17.2	0.5	2	29.8	25.6	124.9	94	23.1518796992481	6.13282442748092	7.05748031496063	100	99	95	12.7	0.1	1	0.1
Gabon	1725	64.7	67.2	66	57.2	291	89	50.8	23.2	1.4	444	210.6	70	1534672	15	7	11.8	22.9	33.7	115	47	28.1	1.8	34.09765625	11.64921875	57.1443113772455	48	17.5	3.4	7.7	93	42	73	35.9	0	9.3	0
Gambia	1991	59.8	62.5	61.1	53.8	706	57	68.9	29.9	1.1	174	233.1	96	1200503	19.1	3.2	3.2	29.4	23.9	88	70.9	21	1.8	34.09765625	11.64921875	9.7	33	25	11.1	3.2	90	59	5	43	0.1	9.4	0
Georgia	4000	70.3	78.3	74.4	66.5	36	100	11.9	7.2	0.3	106	0	91	79	21.6	3.8	6.7	11.8	52.8	41.5	292.3	0.2	0.9	57.7	5.7	74.9	81	11.3	1.6	19.9	100	86	55	23.3	0.2	4.8	0.1
Germany	80689	78.7	83.4	81	71.3	6	99	3.7	2.1	1.56330275229358	6.2	96.9644230769231	87	265	12.3	13	10.6	4.3	54.7065573770492	7.8	32.5	0.9	0.3	32.4	28.3	136.1	99	1.3	1	3.5	100	99	95	14.5	0.1	0.8	0.1
Ghana	27410	61	63.9	62.4	55.3	319	71	61.6	28.3	0.7	165	318.5	98	18697745	20.3	2.3	5.4	26.2	44.6	65	80.8	20	2.2	13.1	0.4	10.2	69	18.8	4.7	2.6	89	15	21	22.2	0.2	10	0
Greece	10955	78.3	83.6	81	71.9	3	84.2762430939227	4.6	2.9	1.56330275229358	4.8	96.9644230769231	96	73	12.9	4.9	9.3	9.1	54.7065573770492	8.3	45.1	0.1	0.8	52.6	32.7	57.1443113772455	76	23.1518796992481	6.13282442748092	7.05748031496063	100	99	95	12.7	0.1	1.6	0.1
Grenada	107	71.2	76.1	73.6	65	27	99	11.8	6	1.56330275229358	1.3	96.9644230769231	97	39	19.0162790697674	9.38771929824561	10.4	17.089417989418	54.7065573770492	55.5403225806452	63.925	13.2813953488372	2.26162790697674	34.09765625	11.64921875	44.9	66	23.1518796992481	6.13282442748092	7.05748031496063	97	98	95	17	0	6.2	3.5093023255814
Guatemala	16343	68.5	75.2	71.9	62.1	88	66	29.1	13.4	0.3	57	2.2	73	3255245	13.5	7.3	3.9	19	65.5	91	42.5	9.2	1.2	34.09765625	11.64921875	18.3	87	48	1.1	4.9	93	64	36	33.7	0.2	39.9	0.2
Guinea	12609	58.2	59.8	59	51.7	679	45	93.7	31.3	1.1	177	403.4	51	8842314	20.9	3.3	0.7	27.3	15.7	146	87.9	40.7	3.1	34.09765625	11.64921875	1.4	57	31.3	9.9	3.8	77	20	6	19.4	0	8.8	0.2
Guinea-Bissau	1844	57.2	60.5	58.9	51.5	549	45	92.5	39.7	2.5	369	112.1	80	1884916	22.4	3.1	4.3	27.5	37.6	136.7	105.2	48.9	3	34.09765625	11.64921875	6.6	50	27.6	6	2.3	79	21	5	28.9	0	10.1	0.1
Guyana	767	63.9	68.5	66.2	58.9	229	92	39.4	22.8	2	103	129.3	98	720357	28.4	34.8	8.6	17.3	52.5	101	42.7	4	0.7	34.09765625	11.64921875	7.5	85	12	6.4	5.3	98	84	61	16.2	0	20.2	0
Haiti	10711	61.5	65.5	63.5	55.4	359	37	69	25.4	1.1	200	13.6	48	11358721	23.9	2.3	5.9	15.1	44.8	66	112.6	28.5	1.9	22.1	2.5	57.1443113772455	48	21.9	5.2	3.6	58	28	9	24.6	0.4	26.6	0
Honduras	8075	72.3	77	74.6	64.9	129	83	20.4	11	0.1	43	3.2	85	2709120	15.7	4.9	4	17.4	76	101	53.2	7.9	0.3	33.3	2.1	14.5	75	22.7	1.4	5.2	91	83	48	40.3	0.1	103.9	0.1
Hungary	9855	72.3	79.1	75.9	67.4	17	99	5.9	3.5	1.56330275229358	12	96.9644230769231	87.7228260869565	2	24	25.4	12.4	7.7	54.7065573770492	19.8	123	0.1	0.9	32	24.8	95.6	91	23.1518796992481	6.13282442748092	7.05748031496063	100	98	95	22.9	0	1.5	0
Iceland	329	81.2	84.1	82.7	72.7	3	84.2762430939227	2	0.9	1.56330275229358	3.3	96.9644230769231	87.7228260869565	0	10.2	15.1	6.9	4.6	54.7065573770492	7.1	6.4	0.1	0.5	17	15.1	190.7	84	23.1518796992481	6.13282442748092	7.05748031496063	100	99	95	7.7	0	0.6	0
India	1311051	66.9	69.9	68.3	59.5	174	74	47.7	27.7	1.56330275229358	167	23.7	70	577240673	26.2	20.9	4.6	16.6	63.9	28.1	130	27.4	3.2	20.4	1.9	24.1	94	38.7	15.1	1.9	94	40	34	73.6	0.2	4.3	0.1
Indonesia	257564	67.1	71.2	69.1	62.2	126	87	27.2	13.5	0.5	399	41.8	78	127979175	23.1	3.7	0.6	15.3	78.8	47	83.9	3.6	1.1	76.2	3.6	15.9	96	36.4	13.5	11.5	87	61	57	18.1	0.1	4.7	0.1
Iran(IslamicRepublicof)	79109	74.5	76.6	75.5	66.6	25	96	15.5	9.5	0.2	22	0.1	99	14373	17.3	5.3	1	32.1	68.6	37.7	35.3	0.9	2.5	21.5	0.7	23	85	6.8	4	7.05748031496063	96	90	95	41.1	0.1	4.8	0.1
Iraq	36423	66.2	71.8	68.9	60	50	91	32	18.4	1.56330275229358	43	0	62	2044142	23.7	1.1	0.5	20.2	59.3	82	32.2	3.9	0.7	34.09765625	11.64921875	6.1	91	22.6	7.4	11.8	87	86	95	52	0.1	18.6	83.6
Ireland	4688	79.4	83.4	81.4	71.5	8	100	3.6	2.3	0.2	7.4	96.9644230769231	95	0	11.1	11.5	10.9	4.1	54.7065573770492	9.2	17.3	0.3	1.5	22.4	21.9	178.7	78	23.1518796992481	6.13282442748092	7.05748031496063	98	91	95	10	0.1	1.2	0.1
Israel	8064	80.6	84.3	82.5	72.8	5	84.2762430939227	4	2.1	1.56330275229358	5.8	96.9644230769231	97	471	9.5	6.2	3.1	3.6	54.7065573770492	10.2	15.8	0.5	0.1	41.2	19.3	83	71	23.1518796992481	6.13282442748092	7.05748031496063	100	100	95	19.3	0.1	2.1	0.3
Italy	59798	80.5	84.8	82.7	72.8	4	100	3.5	2.1	1.56330275229358	6	96.9644230769231	94	418	9.8	6.4	6.1	6.1	54.7065573770492	5.8	35.3	0.1	0.6	28.3	19.7	92	77	23.1518796992481	6.13282442748092	7.05748031496063	100	100	95	18.6	0.1	0.9	0
Jamaica	2793	73.9	78.6	76.2	66.9	89	99	15.7	11.6	1	4.7	96.9644230769231	92	411692	17	1.2	5.1	11.5	83	45.7	42.9	1.9	1	29.9	5.9	15	81	5.7	3	7.8	94	82	93	17.2	0	45.1	0
Japan	126573	80.5	86.8	83.7	74.9	5	100	2.7	0.9	1.56330275229358	18	96.9644230769231	87.7228260869565	9817345.07954546	9.3	23.1	7.5	4.7	54.7065573770492	4.4	24.2	0.1	0.8	33.7	10.6	137.9	100	7.1	2.3	1.5	100	100	95	13	3.4	0.4	0.1
Jordan	7595	72.5	75.9	74.1	65	58	100	17.9	10.6	1.56330275229358	5.5	96.9644230769231	98	236	19.8	1.6	0.7	26.3	58	26	21.7	1	1.2	70.2	10.7	66.1	97	7.8	2.4	4.7	97	99	95	38.3	0	2.9	0.1
Kazakhstan	17625	65.7	74.7	70.2	63.3	12	100	14.1	7	0.2	99	96.9644230769231	95	9817345.07954546	33.9	24.2	8.2	24.2	79.6	36.4	93.3	1.2	6.3	43.9	9.3	118.7	78	13.1	4.1	13.3	93	98	92	21.9	0.1	9.2	0.1
Kenya	46050	61.1	65.8	63.4	55.6	510	62	49.4	22.2	2.3	246	266.3	81	12294911	18.1	10.8	4	29.1	75.4	96	57.1	32.5	3.8	24.6	2.1	10.6	69	26	4	4.1	63	30	6	16.9	0.1	7.4	0.6
Kiribati	112	63.7	68.8	66.3	59.1	90	80	55.9	23.7	1.56330275229358	497	96.9644230769231	75	115336	19.0162790697674	9.38771929824561	2.9	2.9	35.8	49.9	63.925	13.2813953488372	2.26162790697674	63.9	40.9	40.8	60	23.1518796992481	6.13282442748092	7.05748031496063	67	40	5	28.9183333333333	0	8.2	3.5093023255814
Kuwait	3892	73.7	76	74.7	65.8	4	100	8.6	3.2	1.56330275229358	21	96.9644230769231	96	29	11.8	1	0.1	18.7	54.7065573770492	7.1	14.2	0.1	0.5	34.09765625	11.64921875	63.4	86	5.8	2.4	8.7	99	100	95	78.8	0	3.1	0.1
Kyrgyzstan	5940	67.2	75.1	71.1	63.8	76	98	21.3	11.5	0.2	142	0	96	111553	28.5	8.9	3.9	22	62.1	42.1	99.5	1.8	2.7	50.4	3.6	81.9	50	12.9	2.8	7	90	93	76	15.7	0	9.1	0.1
LaoPeople'sDemocraticRepublic	6802	64.1	67.2	65.7	57.9	197	40	66.7	30.1	0.2	189	29.8	88	2183445	24.2	6.4	7.5	14.3	61.3	94	107.6	13.9	1	56.6	9.1	10.6	74	43.8	6.4	2	76	71	5	33.6	0.2	7.1	0
Latvia	1971	69.6	79.2	74.6	67.1	18	98	7.9	5.2	1.56330275229358	49	96.9644230769231	92	13	24.1	21.8	10.6	10	54.7065573770492	15.3	115.1	0.1	2.4	48.9	24.3	70.1	90	23.1518796992481	6.13282442748092	7.05748031496063	99	88	95	20.2	0	7	0
Lebanon	5851	73.5	76.5	74.9	65.7	15	84.2762430939227	8.3	4.8	0.1	16	96.9644230769231	81	9817345.07954546	12.4	0.9	2.2	22.6	54.7065573770492	55.5403225806452	29.7	0.4	0.7	45.4	31	59.2	76	23.1518796992481	6.13282442748092	7.05748031496063	99	81	95	31.3	0	5.4	3.8
Lesotho	2135	51.7	55.4	53.7	46.6	487	78	90.2	32.7	20.1	852	96.9644230769231	96	517204	23.9	5.4	6.4	28.2	76.1	94	74.5	28.3	2.2	55.1	0.4	57.1443113772455	63	33.2	2.8	7.4	82	30	32	21.7	0.2	37.5	0
Liberia	4503	59.8	62.9	61.4	52.7	725	61	69.9	24.1	0.6	308	368.8	50	3892705	21.2	2.6	5.2	33.7	37.2	147	69.9	25	1.9	27.6	2.4	2.9	26	32.1	5.6	3.2	76	17	5	6.1	0	11.2	0
Libya	6278	70.1	75.6	72.7	63.8	9	100	13.4	7.2	1.56330275229358	40	96.9644230769231	94	1634	17.6	1.5	0	73.4	29.6	6	33.2	0.6	1.4	34.09765625	11.64921875	87	64	21	6.5	22.4	89.2513661202186	97	62.9427083333333	58.5	0.1	2.6	19.6
Lithuania	2878	68.1	79.1	73.6	66	10	100	5.2	2.5	1.56330275229358	62	96.9644230769231	94	22	22.4	33.5	16.2	10.6	54.7065573770492	13.9	73.4	0.1	5.3	38.1	22.2	41.2	83	23.1518796992481	6.13282442748092	7.05748031496063	97	92	95	19.5	0	6.7	0
Luxembourg	567	79.8	84	82	71.8	10	100	1.9	0.9	1.56330275229358	6.6	96.9644230769231	94	0	11.4	10.9	11.2	8.7	54.7065573770492	6.4	19.8	0.1	0.9	25.8	21.4	155.1	88	23.1518796992481	6.13282442748092	7.05748031496063	100	98	95	16.6	0	0.2	0
Madagascar	24235	63.9	67	65.5	56.9	353	44	49.6	19.7	0.2	235	83.3	73	20491358	23.4	7.3	1.9	28.4	49.6	148	84.4	26.6	4.1	34.09765625	11.64921875	4.8	29	49.2	6.13282442748092	7.05748031496063	52	12	5	32.4	0.2	8.1	0.1
Malawi	17215	56.7	59.9	58.3	51.2	634	87	64	21.8	4.5	227	217.8	91	11136578	18.7	8.6	2.5	35	73.6	143	72	26.1	3.3	25.4	6	3.6	40	42.4	3.8	5.1	90	41	5	25.6	0.2	2	0
Malaysia	30331	72.7	77.3	75	66.5	40	99	7	3.9	0.3	103	3.2	96	225248	19.6	2.6	1.7	24	54.7065573770492	12.7	22.4	0.4	0.7	43	1.4	44.7	99	17.2	6.13282442748092	7.05748031496063	98	96	95	16.7	0.1	4.3	0.1
Maldives	364	76.9	80.2	78.5	69.6	68	96	8.6	4.9	1.56330275229358	41	96.9644230769231	99	747	15.9	5	1	3.5	42.7	13.7	20.5	0.6	0.3	34.09765625	11.64921875	64.5	61	20.3	10.2	6.5	99	98	95	28.9183333333333	0	3.5	0
Mali	17600	58.2	58.3	58.2	51.1	587	57	114.7	37.8	1.3	58	460.9	77	19462713	25.6	2.8	1	25.6	27.3	172	116	61.1	4.1	36.8	3.2	5.1	55	38.5	15.3	4.7	77	25	5	34.8	0.1	11	3.7
Malta	419	79.7	83.7	81.7	71.7	9	100	6.4	4.4	1.56330275229358	12	96.9644230769231	90	9817345.07954546	11.6	6.8	7.2	5.1	54.7065573770492	13.1	31.1	0.1	0.3	29.7	20.2	109.8	76	23.1518796992481	6.13282442748092	7.05748031496063	100	100	95	14.5	0	2.8	0
MarshallIslands	53	68.8765027322404	73.7349726775956	71.2879781420765	62.8043715846995	170.237569060773	90	36	16.7	1.56330275229358	335	96.9644230769231	79	21468	19.0162790697674	9.38771929824561	6.08548387096774	5.7	80.5	85	63.925	13.2813953488372	2.26162790697674	34.09765625	11.64921875	21.8	51	23.1518796992481	6.13282442748092	7.05748031496063	95	77	41	28.9183333333333	0.224590163934426	4.7	3.5093023255814
Mauritania	4068	61.6	64.6	63.1	55.1	602	65	84.7	35.7	0.4	111	24.9	84	762932	15.8	1.8	0.1	24.5	23.8	71	64.5	28.9	1.8	44	3.7	8	29	22	11.6	1.2	58	40	45	86.2	0.1	11.3	0.3
Mauritius	1273	71.4	77.8	74.6	66.8	53	100	13.5	8.4	0.4	22	96.9644230769231	97	9817345.07954546	24	8.5	4	12.2	40.8	29.4	21.2	0.9	0.3	40.1	3.3	57.1443113772455	68	23.1518796992481	6.13282442748092	7.05748031496063	100	93	95	14.3	0.2	2.7	0
Mexico	127017	73.9	79.5	76.7	67.4	38	99	13.2	7	0.1	21	0.2	84	10287100	15.7	4.1	6.8	12.3	81.9	70.9	24.1	1.1	0.8	20.8	6.6	46.2	97	13.6	1.6	9	96	85	86	20.6	0.1	22	1.1
Micronesia(FederatedStatesof)	104	68.1	70.6	69.4	62.5	100	100	34.7	18.8	1.56330275229358	195	96.9644230769231	83	52463	19.0162790697674	9.38771929824561	3.5	1.9	54.7065573770492	32.6	63.925	13.2813953488372	2.26162790697674	34.09765625	11.64921875	35	64	23.1518796992481	6.13282442748092	7.05748031496063	89	57	25	8	1.3	4.6	3.5093023255814
Monaco	38	68.8765027322404	73.7349726775956	71.2879781420765	62.8043715846995	170.237569060773	84.2762430939227	3.5	1.9	1.56330275229358	2.2	96.9644230769231	99	0	19.0162790697674	9.38771929824561	6.08548387096774	0	54.7065573770492	55.5403225806452	63.925	13.2813953488372	2.26162790697674	34.09765625	11.64921875	243.8	79	23.1518796992481	6.13282442748092	7.05748031496063	100	100	95	10	0.224590163934426	1.1	3.5093023255814
Mongolia	2959	64.7	73.2	68.8	62	44	99	22.4	11.1	1.56330275229358	170	96.9644230769231	99	0	32	9.3	7.8	21	68.3	26.7	132.2	3.1	3.8	47.7	5.3	64.6	86	10.8	1	10.5	64	60	32	33.5	0	10.1	0
Montenegro	626	74.1	78.1	76.1	67.9	7	99	4.7	3.1	1.56330275229358	21	96.9644230769231	87	9817345.07954546	22.2	18.9	11.5	11.9	34.2	13.4	123.5	0.1	1	34.09765625	11.64921875	75.3	59	9.4	2.8	22.3	100	96	74	24.3	0	2.8	0
Morocco	34378	73.3	75.4	74.3	64.9	121	74	27.6	17.6	0.1	106	96.9644230769231	99	4025	22.8	5	0.7	20.8	74.8	32	28.8	3.4	1.1	45.4	1.4	15.1	95	14.9	2.3	10.7	85	77	95	19.3	0.1	2.5	0.1
Mozambique	27978	55.7	59.4	57.6	49.6	489	54	78.5	27.1	7.4	551	352.3	78	22815820	17.3	17.3	2	31.6	28.2	167	65.1	37.9	8.1	31.4	5.9	4.5	69	43.1	6.1	7.9	51	21	5	22.4	0.2	3.4	0.1
Myanmar	53897	64.6	68.5	66.6	59.2	178	78	50	26.4	0.3	369	45	75	40777860	24.3	12.4	0.7	20.3	54.7065573770492	30.3	127.4	10.4	1.1	31.6	6.4	16.2	86	35.1	7.9	2.6	81	80	9	56.7	0.1	4.2	1.6
Namibia	2459	63.1	68.3	65.8	57.5	265	88	45.4	15.9	9.1	561	5.4	88	1049353	20	2	11.8	23.9	75.1	82	47.9	9.8	1.1	38.9	11.4	31.5	66	23.1	7.1	4.1	91	34	46	18.8	0.9	19.7	0
Nauru	10	68.8765027322404	73.7349726775956	71.2879781420765	62.8043715846995	170.237569060773	97	35.4	22.7	1.56330275229358	73	96.9644230769231	95	2751	19.0162790697674	9.38771929824561	3	17.089417989418	42.5	105.3	63.925	13.2813953488372	2.26162790697674	43	52	56.4	42	24	1	2.8	97	66	95	28.9183333333333	0.224590163934426	1.3	3.5093023255814
Nepal	28514	67.7	70.8	69.2	61.1	258	48	35.8	22.2	0.1	158	1.2	92	21352583	21.6	20.3	2.1	17	56	71	104.2	12.9	5.9	37.1	11.1	57.1443113772455	77	37.4	11.3	2.1	92	46	26	75.7	7.2	3.3	0.1
Netherlands	16925	80	83.6	81.9	72.2	7	84.2762430939227	3.8	2.4	1.56330275229358	5.8	96.9644230769231	95	30	12.2	10	9.6	3.4	54.7065573770492	4.5	24	0.2	0.2	26.2	23.3	57.1443113772455	95	23.1518796992481	6.13282442748092	7.05748031496063	100	98	95	14.9	0.1	0.9	0
NewZealand	4529	80	83.3	81.6	71.6	11	97	5.7	3.1	1.56330275229358	7.4	96.9644230769231	93	9817345.07954546	10.7	10.3	11.2	6	54.7065573770492	19.1	0.5	0.6	0.4	17.2	15.4	136.1	98	23.1518796992481	6.13282442748092	7.05748031496063	100	73.0714285714286	95	5.3	0.9	1.2	0
Nicaragua	6082	71.5	77.9	74.8	63.7	150	88	22.1	9.8	0.2	58	1.6	98	1214110	19.4	9.1	4.6	15.3	84	92	62.3	3.5	0.5	34.09765625	11.64921875	22.6	78	23	1.5	6.2	87	68	49	26.1	0.2	13	0.1
Niger	19899	60.9	62.8	61.8	54.2	553	29	95.5	26.8	0.1	98	317.1	68	14885196	19.6	1.8	0.3	26.4	40.8	206	109.7	69.2	4	18.6	0.2	1.6	79	43	18.7	3	58	11	5	51.8	0.2	10.3	0.2
Nigeria	182202	53.4	55.6	54.5	47.7	814	35	108.8	34.3	2	322	342.9	66	140381164	19.8	4.3	11.3	20.5	28.8	122	90.4	50.9	2.4	17.4	1.1	20.1	67	32.9	7.9	1.8	69	29	5	38.9	0.1	10.1	3.1
Niue	2	68.8765027322404	73.7349726775956	71.2879781420765	62.8043715846995	170.237569060773	100	23	12.5	1.56330275229358	0	96.9644230769231	99	0	19.0162790697674	9.38771929824561	7.7	17.089417989418	54.7065573770492	14.3	63.925	13.2813953488372	2.26162790697674	20.3	11.4	190	61	23.1518796992481	6.13282442748092	7.05748031496063	99	100	91	28.9183333333333	0.224590163934426	2.8	3.5093023255814
Norway	5211	79.8	83.7	81.8	72	5	99	2.6	1.5	0.1	8.1	96.9644230769231	87.7228260869565	7	10.7	10.2	7	3.8	54.7065573770492	5	12.7	0.5	1	22.4	22.1	215.5	98	23.1518796992481	6.13282442748092	7.05748031496063	100	98	95	9.1	0.1	0.6	0.3
Oman	4491	75	79.2	76.6	66.7	17	99	11.6	5.2	0.1	9.6	0	98	9817345.07954546	17.8	1	0.9	25.4	19.1	13.5	13.5	0.4	0.4	21	1	78.1	96	14.1	7.5	4.4	93	97	95	47.4	0.1	4.8	0
Pakistan	188925	65.5	67.5	66.4	57.8	178	52	81.1	45.5	0.2	270	12.8	73	47386262	20.5	7.5	0.1	14.2	47	44	88.8	20.7	5.4	41.9	3	14	43	45	10.5	4.8	91	64	45	68.7	0.4	8.9	4.2
Palau	21	68.8765027322404	73.7349726775956	71.2879781420765	62.8043715846995	170.237569060773	100	16.4	9	1.56330275229358	42	96.9644230769231	99	9817345.07954546	19.0162790697674	9.38771929824561	6.08548387096774	4.8	54.7065573770492	27	63.925	13.2813953488372	2.26162790697674	34.09765625	11.64921875	71	91	23.1518796992481	6.13282442748092	7.05748031496063	89.2513661202186	100	58	28.9183333333333	0.224590163934426	3.1	3.5093023255814
Panama	3929	74.7	81.1	77.8	68.1	94	91	17	9.6	0.3	46	0.5	80	400364	12.5	4.4	7.7	10	75.9	91.1	25.4	4.1	0.6	10.6	2.6	30.5	70	19.1	1.2	7.05748031496063	95	75	86	12.8	0.1	19.3	0
PapuaNewGuinea	7619	60.6	65.4	62.9	56.4	215	43	57.3	24.5	0.4	417	185.1	62	6327334	26.4	7.7	3.1	16.8	40.6	55.5403225806452	44.3	12.4	11.9	34.09765625	11.64921875	6.2	64	49.5	14.3	13.8	40	19	31	12.1	0.2	10.8	0.2
Paraguay	6639	72.2	76	74	65.2	132	96	20.5	10.9	0.5	43	0	87	815045	18.5	5.3	9.6	20.7	84.1	63	56.6	2.3	0.3	28.3	7.9	22.3	83	10.9	2.6	11.7	98	89	64	17	0.1	9.7	0.1
Peru	31377	73.1	78	75.5	65.6	68	90	16.9	8.2	0.1	120	30.4	88	3011439	11.2	3.1	5.2	13.9	62.7	65	32.6	1.3	0.7	21.5	5.9	26.5	89	14.6	0.6	7.2	87	76	68	37	0.1	11	0.1
Philippines	100699	65.3	72	68.5	61.1	114	73	28	12.6	0.1	288	0.4	79	44803112	27.9	2.6	5.6	10.5	51.5	57	82.7	5.1	0.2	43	8.5	57.1443113772455	89	30.3	7.9	5	92	74	45	27.6	2.5	12.4	1.1
Poland	38612	73.6	81.3	77.5	68.7	3	100	5.2	3.1	0.1	21	96.9644230769231	96	48	20	20.5	11.5	10.3	54.7065573770492	14	68.9	0.1	1.7	32.4	23.7	83.8	74	23.1518796992481	6.13282442748092	7.05748031496063	98	97	95	25.8	0.1	1.1	0
Portugal	10350	78.2	83.9	81.1	71.4	10	99	3.6	2	1.56330275229358	25	96.9644230769231	98	75	11.9	12.5	12.5	7.8	54.7065573770492	10.5	16.8	0.1	0.4	31.5	13.7	102.1	95	23.1518796992481	6.13282442748092	7.05748031496063	100	100	95	9.6	0.1	1.4	0
Qatar	2235	77.4	80	78.2	67.7	13	100	8	3.8	1.56330275229358	29	96.9644230769231	99	48	14.2	4.7	1.3	15.2	68.9	13.4	9	0.1	0.6	34.09765625	11.64921875	196.1	97	23.1518796992481	6.13282442748092	7.05748031496063	100	98	95	105.3	0	7.1	0
RepublicofKorea	50293	78.8	85.5	82.3	73.2	11	100	3.4	1.6	1.56330275229358	86	0.2	99	6	9.3	36.8	10.9	12	54.7065573770492	1.7	23.7	0.2	0.6	49.8	4.2	71.5	100	2.5	1.2	7.3	89.2513661202186	100	95	27.9	0.1	2	0
RepublicofMoldova	4069	67.9	76.2	72.1	64.8	23	99	15.8	11.9	0.6	153	96.9644230769231	92	9817345.07954546	26.5	17	17.4	12.5	60.4	26.7	114.5	0.1	5	45.7	5.4	93.8	80	6.4	1.9	4.9	88	76	93	17.1	0	7.5	0
Romania	19511	71.4	78.8	75	66.8	31	99	11.1	6.3	1.56330275229358	81	96.9644230769231	94	9817345.07954546	22.6	12.8	12.9	8.7	54.7065573770492	38.9	138.2	0.1	2.3	36.9	22.7	80.6	78	23.1518796992481	6.13282442748092	7.05748031496063	100	79	82	20.4	0.1	2.1	0
RussianFederation	143457	64.7	76.3	70.5	63.3	25	100	9.6	5	1.56330275229358	84	0	97	9817345.07954546	29.9	22.3	14.5	18.9	72.4	26.6	110	0.2	6.4	59	22.8	57.1443113772455	87	23.1518796992481	6.13282442748092	7.05748031496063	97	72	95	17.1	0.1	13.1	0.5
Rwanda	11610	60.9	71.1	66.1	56.6	290	91	41.7	18.7	1.1	63	121.1	99	4148711	19.1	7.6	10	32.1	65	45	68.3	19.4	3.3	34.09765625	11.64921875	7.5	46	37.9	2.2	7.7	76	62	5	50.6	0.1	5.8	0.7
SaintKittsandNevis	56	68.8765027322404	73.7349726775956	71.2879781420765	62.8043715846995	170.237569060773	100	10.5	6.5	1.56330275229358	7.2	96.9644230769231	98	0	19.0162790697674	9.38771929824561	7	17.089417989418	54.7065573770492	55.5403225806452	63.925	13.2813953488372	2.26162790697674	34.09765625	11.64921875	57.1443113772455	60	23.1518796992481	6.13282442748092	7.05748031496063	98	73.0714285714286	95	0	0.224590163934426	13.8	3.5093023255814
SaintLucia	185	72.6	77.9	75.2	66.1	48	99	14.3	9.3	1.56330275229358	9.1	96.9644230769231	99	36119	19.0162790697674	9.38771929824561	10.4	18.1	72.4	42.5	63.925	13.2813953488372	2.26162790697674	34.09765625	11.64921875	21.3	58	2.5	3.7	6.3	96	91	95	18.2	0.7	15.3	3.5093023255814
SaintVincentandtheGrenadines	109	71.3	75.2	73.2	64.6	45	99	18.3	11.5	1.56330275229358	24	96.9644230769231	98	0	19.0162790697674	9.38771929824561	7.2	8.2	54.7065573770492	70	63.925	13.2813953488372	2.26162790697674	34.09765625	11.64921875	57.1443113772455	35	23.1518796992481	6.13282442748092	7.05748031496063	95	73.0714285714286	95	28.9183333333333	2.2	14	3.5093023255814
Samoa	193	70.9	77.5	74	66.6	51	83	17.5	9.5	1.56330275229358	19	96.9644230769231	91	182172	19.0162790697674	9.38771929824561	6.08548387096774	15.8	39.4	44	63.925	13.2813953488372	2.26162790697674	41	18.9	23	75	23.1518796992481	6.13282442748092	7.05748031496063	99	92	27	28.9183333333333	2.4	3.7	3.5093023255814
SanMarino	32	68.8765027322404	73.7349726775956	71.2879781420765	62.8043715846995	170.237569060773	84.2762430939227	2.9	0.7	1.56330275229358	1.6	96.9644230769231	80	0	19.0162790697674	9.38771929824561	6.08548387096774	3.2	54.7065573770492	1.3	63.925	13.2813953488372	2.26162790697674	34.09765625	11.64921875	139.3	40	23.1518796992481	6.13282442748092	7.05748031496063	89.2513661202186	73.0714285714286	95	28.9183333333333	0.224590163934426	0.7	3.5093023255814
SaoTomeandPrincipe	190	65.6	69.4	67.5	59.1	156	93	47.3	17.1	0.1	97	93	95	194856	19.0162790697674	9.38771929824561	6.8	31.1	50.3	92	63.925	13.2813953488372	2.26162790697674	34.09765625	11.64921875	57.1443113772455	18	17.2	4	2.4	97	35	30	28.9183333333333	0	7.2	3.5093023255814
SaudiArabia	31540	73.2	76	74.5	64.5	12	98	14.5	7.9	1.56330275229358	12	0.1	98	1968	16.7	0.3	0.2	27.4	54.7065573770492	17.6	28.1	0.2	0.8	27.9	2.9	73.6	99	9.3	11.8	6.1	97	100	95	131.6	0.1	6.5	0.1
Senegal	15129	64.6	68.6	66.7	58.3	315	59	47.2	20.8	0.1	138	128.1	89	11792254	16.7	3.2	0.5	27.2	46.3	80	43.2	25.4	1.5	23.4	0.7	4.8	30	19.4	5.8	1.3	79	48	36	43.7	0.1	7.9	0.1
Serbia	8851	72.9	78.4	75.6	67.7	17	98	6.7	4.2	1.56330275229358	24	96.9644230769231	92	7	24.5	16.8	12.9	7.7	25.1	22	137.2	0.3	0.6	43.6	39.7	21.1	47	6	3.9	13.9	99	96	71	21.5	0.1	1.6	0.1
Seychelles	96	69.1	78	73.2	65.5	170.237569060773	99	13.6	8.6	1.56330275229358	26	96.9644230769231	99	1	19.0162790697674	9.38771929824561	6.7	8.6	54.7065573770492	61.2	63.925	13.2813953488372	2.26162790697674	43	8.8	58.8	87	7.9	4.3	10.2	96	98	95	5	0	9.5	3.5093023255814
SierraLeone	6453	49.3	50.8	50.1	44.4	1360	60	120.4	34.9	0.7	310	406	83	7564272	27.5	5.6	8.2	27.3	37.5	125	142.3	90.4	5.7	60	12	1.9	64	37.9	9.4	8.9	63	13	5	16.8	0.1	13	0
Singapore	5604	80	86.1	83.1	73.9	10	100	2.7	1	1.56330275229358	49	96.9644230769231	97	6066	10.5	9	2.9	3.6	54.7065573770492	2.7	20.5	0.1	0.2	28	5	77.1	99	23.1518796992481	6.13282442748092	7.05748031496063	100	100	95	17	0	0.6	0
Slovakia	5426	72.9	80.2	76.7	68.1	6	100	7.3	4.2	0.1	6.7	96.9644230769231	97	8	19.4	12.6	12.5	6.6	54.7065573770492	21.2	66.3	0.1	0.7	39.7	17.6	93.9	96	23.1518796992481	6.13282442748092	7.05748031496063	100	99	95	20.3	0	1.4	0
Slovenia	2068	77.9	83.7	80.8	71.1	9	100	2.6	1.4	0.1	7.7	96.9644230769231	87.7228260869565	9817345.07954546	12.6	17.1	10.9	6.4	54.7065573770492	4.6	41.9	0.1	1	22.3	18.1	109.8	75	23.1518796992481	6.13282442748092	7.05748031496063	100	99	95	19.4	0.1	0.7	0
SolomonIslands	584	67.9	70.8	69.2	62.1	114	86	28.1	12.2	1.56330275229358	86	75.4	88	383910	24.1	6.3	1.6	19.2	60	62	52.9	10.4	5.2	34.09765625	11.64921875	22.8	57	32.8	4.3	2.5	81	30	9	28.9183333333333	2	4.9	0
Somalia	10787	53.5	56.6	55	47.8	732	9	136.8	39.7	0.5	274	78.8	42	4891026	19.1	8	0.5	25.4	54.7065573770492	64	116.8	98.8	10	34.09765625	11.64921875	1.5	6	25.3	15	3	89.2513661202186	73.0714285714286	9	16.9	0.4	5.5	35.8
SouthAfrica	54490	59.3	66.2	62.9	54.5	138	94	40.5	11	12.7	834	5	74	6645340	26.8	2.7	11.5	25.1	54.7065573770492	54	44.2	12.1	2.5	31.4	6.5	58.9	100	23.9	4.7	7.05748031496063	93	66	82	32.6	0.1	35.7	0.1
SouthSudan	12340	56.1	58.6	57.3	49.9	789	17	92.6	39.3	2.6	146	153.8	87.7228260869565	9326151	19.8	13.6	6.08548387096774	27.9	5.6	158	95	50	6.9	34.09765625	11.64921875	57.1443113772455	50	31.1	22.7	6	59	7	5	32.5	0.3	4.8	21.1
Spain	46122	80.1	85.5	82.8	72.4	5	84.2762430939227	4.1	2.8	1.56330275229358	12	96.9644230769231	96	440	10.8	7	10.6	3.7	54.7065573770492	8.4	14.7	0.3	0.9	31.3	27.1	106.1	92	23.1518796992481	6.13282442748092	7.05748031496063	100	100	95	10	0.1	0.8	0.1
SriLanka	20715	71.6	78.3	74.9	67	30	99	9.8	5.4	0.1	65	0	99	54216	17.6	29.2	4.5	17.4	69.4	20.3	119.4	3.3	0.4	28.4	0.4	23.2	71	14.7	21.4	0.6	96	95	19	28.6	0.4	3.8	0.1
Sudan	40235	62.4	65.9	64.1	55.9	311	20	70.1	29.8	0.2	94	37.7	94	28468689	17.4	11.5	6.08548387096774	24.3	30.2	87	64.3	34.6	5.6	34.09765625	11.64921875	11.2	71	38.2	16.3	3	89.2513661202186	73.0714285714286	23	53.1	0.1	6.5	7
Suriname	543	68.6	74.7	71.6	63.1	155	90	21.3	11.5	0.6	38	12.6	85	51774	13.6	28.3	6.5	19.1	73.2	65.3	22.7	0.8	0.6	34.09765625	11.64921875	57.1443113772455	72	8.8	5	4	95	79	91	16.3	0	9.4	0
Swaziland	1287	56.6	61.1	58.9	50.9	389	88	60.7	14.2	18.9	733	3.6	98	597165	21.4	5.3	6.4	24.2	80.6	87	62.7	22.7	2.5	19	2.2	17.7	56	25.5	2	9	74	58	35	19.9	0.2	19.4	0
Sweden	9779	80.7	84	82.4	72	4	84.2762430939227	3	1.6	0.1	7.5	96.9644230769231	42	21	9.9	13.2	8.7	2.8	54.7065573770492	5.1	0.4	1.1	1	20.4	20.8	149.7	92	23.1518796992481	6.13282442748092	7.05748031496063	100	99	95	5.9	0.1	0.8	0
Switzerland	8299	81.3	85.3	83.4	73.1	5	84.2762430939227	3.9	2.7	1.56330275229358	6.3	96.9644230769231	87.7228260869565	9817345.07954546	9.1	12.2	10.4	3.3	54.7065573770492	2	18.5	0.3	1.2	26.9	19.7	214.1	91	23.1518796992481	6.13282442748092	7.05748031496063	100	100	95	12.6	0.1	0.6	0
SyrianArabRepublic	18502	59.9	69.9	64.5	56.1	68	96	12.9	7	0.1	17	0	71	43885	19.1	0.4	1.4	20	53.3	54	30.9	1.8	0.5	34.09765625	11.64921875	33.2	63	27.5	11.5	17.9	90	96	95	34.3	0	2.5	309.1
Tajikistan	8482	66.6	73.6	69.7	62.1	32	87	44.8	20.5	0.4	91	0.1	97	120617	28.8	3.2	2.4	18.8	50.8	54	97.6	7.5	1.7	34.09765625	11.64921875	69.4	94	26.8	9.9	6.6	74	95	72	51.2	0.1	1.8	0.1
Thailand	67959	71.9	78	74.9	66.8	20	100	12.3	6.7	0.2	171	6.5	99	41360	16.2	13.1	8.3	36.2	89.2	60	65.3	1.9	0.1	41.4	2.3	24.7	98	16.3	6.7	10.9	98	93	76	27.5	0.3	5.5	0.7
TheformerYugoslavRepublicofMacedonia	2078	73.5	77.8	75.7	67.5	8	100	5.5	3.5	1.56330275229358	15	96.9644230769231	97	27	22.1	6.7	5.7	9.4	22.3	18.7	128.9	0.1	0.6	34.09765625	11.64921875	26.2	86	4.9	1.8	12.4	99	91	61	43	0	1.8	0.3
Timor-Leste	1185	66.6	70.1	68.3	60.7	215	29	52.6	22.3	1.56330275229358	498	89.7	77	1108842	23.7	5.4	1.2	16.6	38.3	50	89.6	10.3	0.8	34.09765625	11.64921875	11.9	71	50.2	11	1.5	72	41	5	15	0	4.9	0
Togo	7305	58.6	61.1	59.9	52.8	368	45	78.4	26.7	1	58	378.9	87	4613894	20.2	3.7	1.9	31.1	32.2	85	81	37.9	2.8	34.09765625	11.64921875	3.3	74	27.5	6.7	2	63	12	6	25.9	0	9.3	0
Tonga	106	70.6	76.4	73.5	66	124	96	16.7	6.9	1.56330275229358	14	96.9644230769231	82	36738	19.0162790697674	9.38771929824561	2.1	7.6	47.9	30	63.925	13.2813953488372	2.26162790697674	47.3	13	44.5	74	8.1	5.2	17.3	100	91	63	28.9183333333333	0	4.7	3.5093023255814
TrinidadandTobago	1360	67.9	74.8	71.2	63.3	63	100	20.4	13.2	1.56330275229358	22	96.9644230769231	92	23048	26.2	14.4	6.6	14.1	55.1	35.5	27.9	0.2	0.3	34.09765625	11.64921875	47.4	71	23.1518796992481	6.13282442748092	7.05748031496063	95	92	95	13.2	0	35.3	0
Tunisia	11254	73	77.8	75.3	66.7	62	74	14	8.2	0.1	33	96.9644230769231	98	3737	17.2	2.4	1.2	24.4	73.2	6.7	43.7	0.8	1.2	34.09765625	11.64921875	45	65	10.1	2.8	14.3	98	92	95	36.4	0	1.8	0.3
Turkey	78666	72.6	78.9	75.8	66.2	16	97	13.5	7.1	1.56330275229358	18	4.3	96	1215	18.4	8	2.4	8.9	59.7	29	51	0.8	0.7	39.5	12.4	41.1	78	9.5	1.7	10.9	100	95	62.9427083333333	35.7	0.2	2.7	0.8
Turkmenistan	5374	62.2	70.5	66.3	59.8	42	100	51.4	22.6	1.56330275229358	64	0	97	77	40.8	19.4	5	17.4	54.7065573770492	21	72.9	5.8	1.9	34.09765625	11.64921875	57.1443113772455	84	18.9	7.2	4.5	89.2513661202186	73.0714285714286	95	26.3	0	4.3	0.1
Tuvalu	10	68.8765027322404	73.7349726775956	71.2879781420765	62.8043715846995	170.237569060773	93	27.1	17.6	1.56330275229358	190	96.9644230769231	90	11772	19.0162790697674	9.38771929824561	1.3	17.089417989418	41	42	63.925	13.2813953488372	2.26162790697674	34.09765625	11.64921875	69.1	89	10	3.3	6.3	98	73.0714285714286	30	28.9183333333333	0.224590163934426	4.2	3.5093023255814
Uganda	39032	60.3	64.3	62.3	54	343	58	54.6	18.7	6	161	231.8	78	25344345	21.2	11.9	10.5	27.4	44.7	140	70	30.3	5.1	16.4	2.9	14.2	73	34.2	4.3	5.8	79	19	5	80.3	0.1	12	1.9
Ukraine	44824	66.3	76.1	71.3	64.1	24	99	9	5.5	1.56330275229358	94	96.9644230769231	46	9817345.07954546	28.2	20.1	11.8	10.6	68	27.2	139.1	0.4	5.7	49.4	14	112.1	99	23.1518796992481	6.13282442748092	7.05748031496063	96	96	95	17	0.1	5.2	6.2
UnitedArabEmirates	9157	76.4	78.6	77.1	67.9	6	100	6.8	3.5	1.56330275229358	1.6	96.9644230769231	94	57	18.9	3	4.3	10.9	54.7065573770492	34.2	7.5	0.1	0.6	34.09765625	11.64921875	56.9	97	23.1518796992481	6.13282442748092	7.05748031496063	100	98	95	64.5	0	4.1	0.1
UnitedKingdom	64716	79.4	83	81.2	71.4	9	84.2762430939227	4.2	2.4	1.56330275229358	12	96.9644230769231	87.7228260869565	159	12	7	12	2.9	54.7065573770492	19.3	25.7	0.4	1	19.9	18.4	116.1	73.1822916666667	23.1518796992481	6.13282442748092	7.05748031496063	100	99	95	12.5	0.1	1.5	0.1
UnitedRepublicofTanzania	53470	59.9	63.8	61.8	54.1	398	49	48.7	18.8	2.6	327	130.6	97	33868257	16.1	15.1	8.1	32.9	45.9	72.1	50.5	27.6	6.6	27.5	3.8	4.7	67	34.7	3.8	5.2	56	16	5	24.1	0.1	8	0.1
UnitedStatesofAmerica	321774	76.9	81.6	79.3	69.1	14	99	6.5	3.6	1.56330275229358	3.1	96.9644230769231	90	712	14.3	13.7	9	10.6	83.4	26.6	12.1	0.6	4.3	19.5	15	122.7	91	2.1	0.5	6	99	100	95	8.5	0.1	5.4	0.1
Uruguay	3432	73.3	80.4	77	67.9	15	98	10.1	5.1	0.4	30	96.9644230769231	95	4	17.1	13.8	7	16.6	54.7065573770492	63.5	22.7	0.3	0.9	26.7	19.4	92.8	84	10.7	1.3	7.2	100	96	95	11.6	0	7.9	0
Uzbekistan	29893	66.1	72.7	69.4	62.4	36	100	39.1	20.4	0.1	82	0	99	394573	31	7.7	4.8	11.2	54.7065573770492	29.5	83.2	2.4	1.1	24.9	1.3	144.7	83	19.6	4.5	12.8	89.2513661202186	100	90	39.1	0.1	3.2	0
Vanuatu	265	70.1	74	72	64.6	78	89	27.5	11.6	1.56330275229358	63	31.3	64	268165	19.0162790697674	9.38771929824561	1.2	16.6	50.7	78	63.925	13.2813953488372	2.26162790697674	34.09765625	11.64921875	18.1	43	28.5	4.4	4.6	95	58	16	13	0.9	2.9	3.5093023255814
Venezuela(BolivarianRepublicof)	31108	70	78.5	74.1	65.2	95	100	14.9	8.9	0.3	24	40.7	78	219026	15.7	2.6	8.3	45.1	54.7065573770492	94.5	20.9	1.3	0.6	34.09765625	11.64921875	57.1443113772455	95	13.4	4.1	6.4	93	94	95	24.3	0.1	57.6	0.1
VietNam	93448	71.3	80.7	76	66.6	54	94	21.7	11.4	0.3	140	0.9	95	8965475	17.4	5.1	8.7	24.5	69.7	36	84	2	0.9	47.1	1.3	24.3	99	19.4	5.7	4.6	98	78	51	28.7	0.1	4	0
Yemen	26832	64.3	67.2	65.7	57.7	385	43	41.9	22.1	0.1	48	34.7	88	15458773	23.1	3.1	0.2	21.5	47	67	57.4	13	4.2	34.09765625	11.64921875	8.7	46	46.8	16.2	2.5	89.2513661202186	73.0714285714286	62	42.2	0.1	5.4	14.3
Zambia	16212	59	64.7	61.8	53.6	224	64	64	21.4	7.5	406	214.2	86	11466594	18.1	9.6	4	24.7	63.8	145	64.1	24.5	7.9	26.5	4.6	9.6	92	40	6.3	6.2	65	44	16	29.6	0	10.5	0
Zimbabwe	15603	59	62.3	60.7	52.3	443	80	70.7	23.5	9.2	278	138.9	91	7044670	19.3	16.6	4.8	28.2	86	120	52.6	27.1	4.4	31.2	2.1	14.2	68	27.6	3.3	3.6	77	37	31	24.1	0.2	15.1	0.1
